# oST version 5.0 parameters


[image]

width
1280

height
720

[narrow_stereo]

camera matrix
1181.144186 0.000000 636.269850
0.000000 1180.203282 368.791522
0.000000 0.000000 1.000000

distortion
-0.006347 0.029202 0.002027 -0.001060 0.000000

rectification
1.000000 0.000000 0.000000
0.000000 1.000000 0.000000
0.000000 0.000000 1.000000

projection
1183.727295 0.000000 634.615359 0.000000
0.000000 1181.921509 369.596194 0.000000
0.000000 0.000000 1.000000 0.000000
